eta1	eta2	eta3	eta4	u0	u1	u2	u3	u4
1	0.19	1	1	-0.99	0.9801	0.980019	-0.970219	0.960438
1	0.19	1	1	-0.95	0.9025	0.900495	-0.85547	0.810891
1	0.19	1	1	-0.9	0.81	0.802067	-0.72186	0.643311
1	0.19	1	1	-0.85	0.7225	0.704861	-0.599132	0.496829
1	0.19	1	1	-0.8	0.64	0.609049	-0.48724	0.370941
1	0.19	1	1	-0.75	0.5625	0.514834	-0.386126	0.265054
1	0.19	1	1	-0.7	0.49	0.422454	-0.295718	0.178468
1	0.19	1	1	-0.65	0.4225	0.332191	-0.215924	0.110351
1	0.19	1	1	-0.6	0.36	0.24438	-0.146628	0.059722
1	0.19	1	1	-0.55	0.3025	0.159418	-0.08768	0.025414
1	0.19	1	1	-0.5	0.25	0.077773	-0.038887	0.006049
1	0.19	1	1	-0.45	0.2025	0	0	0
1	0.19	1	1	-0.4	0.16	-0.073255	0.029302	0.005366
1	0.19	1	1	-0.35	0.1225	-0.141243	0.049435	0.01995
1	0.19	1	1	-0.3	0.09	-0.203117	0.060935	0.041256
1	0.19	1	1	-0.25	0.0625	-0.257937	0.064484	0.066532
1	0.19	1	1	-0.2	0.04	-0.304709	0.060942	0.092847
1	0.19	1	1	-0.15	0.0225	-0.342428	0.051364	0.117257
1	0.19	1	1	-0.1	0.01	-0.370162	0.037016	0.13702
1	0.19	1	1	-0.05	0.0025	-0.387144	0.019357	0.149881
1	0.19	1	1	0	0	-0.392864	0	0.154342
1	0.19	1	1	0.05	0.0025	-0.387144	-0.019357	0.149881
1	0.19	1	1	0.1	0.01	-0.370162	-0.037016	0.13702
1	0.19	1	1	0.15	0.0225	-0.342428	-0.051364	0.117257
1	0.19	1	1	0.2	0.04	-0.304709	-0.060942	0.092847
1	0.19	1	1	0.25	0.0625	-0.257937	-0.064484	0.066532
1	0.19	1	1	0.3	0.09	-0.203117	-0.060935	0.041256
1	0.19	1	1	0.35	0.1225	-0.141243	-0.049435	0.01995
1	0.19	1	1	0.4	0.16	-0.073255	-0.029302	0.005366
1	0.19	1	1	0.45	0.2025	0	0	0
1	0.19	1	1	0.5	0.25	0.077773	0.038887	0.006049
1	0.19	1	1	0.55	0.3025	0.159418	0.08768	0.025414
1	0.19	1	1	0.6	0.36	0.24438	0.146628	0.059722
1	0.19	1	1	0.65	0.4225	0.332191	0.215924	0.110351
1	0.19	1	1	0.7	0.49	0.422454	0.295718	0.178468
1	0.19	1	1	0.75	0.5625	0.514834	0.386126	0.265054
1	0.19	1	1	0.8	0.64	0.609049	0.48724	0.370941
1	0.19	1	1	0.85	0.7225	0.704861	0.599132	0.496829
1	0.19	1	1	0.9	0.81	0.802067	0.72186	0.643311
1	0.19	1	1	0.95	0.9025	0.900495	0.85547	0.810891
1	0.3	1	1	-0.99	0.9801	0.98003	-0.97023	0.960459
1	0.3	1	1	-0.95	0.9025	0.900777	-0.855738	0.811399
1	0.3	1	1	-0.9	0.81	0.803224	-0.722901	0.645169
1	0.3	1	1	-0.85	0.7225	0.707531	-0.601401	0.5006
1	0.3	1	1	-0.8	0.64	0.613914	-0.491131	0.376891
1	0.3	1	1	-0.75	0.5625	0.522619	-0.391964	0.27313
1	0.3	1	1	-0.7	0.49	0.433922	-0.303746	0.188289
1	0.3	1	1	-0.65	0.4225	0.348138	-0.22629	0.1212
1	0.3	1	1	-0.6	0.36	0.26562	-0.159372	0.070554
1	0.3	1	1	-0.55	0.3025	0.186763	-0.10272	0.03488
1	0.3	1	1	-0.5	0.25	0.112007	-0.056003	0.012546
1	0.3	1	1	-0.45	0.2025	0.041836	-0.018826	0.00175
1	0.3	1	1	-0.4	0.16	-0.023222	0.009289	0.000539
1	0.3	1	1	-0.35	0.1225	-0.082606	0.028912	0.006824
1	0.3	1	1	-0.3	0.09	-0.135729	0.040719	0.018422
1	0.3	1	1	-0.25	0.0625	-0.181994	0.045499	0.033122
1	0.3	1	1	-0.2	0.04	-0.22082	0.044164	0.048762
1	0.3	1	1	-0.15	0.0225	-0.251668	0.03775	0.063337
1	0.3	1	1	-0.1	0.01	-0.274069	0.027407	0.075114
1	0.3	1	1	-0.05	0.0025	-0.287664	0.014383	0.08275
1	0.3	1	1	0	0	-0.292221	0	0.085393
1	0.3	1	1	0.05	0.0025	-0.287664	-0.014383	0.08275
1	0.3	1	1	0.1	0.01	-0.274069	-0.027407	0.075114
1	0.3	1	1	0.15	0.0225	-0.251668	-0.03775	0.063337
1	0.3	1	1	0.2	0.04	-0.22082	-0.044164	0.048762
1	0.3	1	1	0.25	0.0625	-0.181994	-0.045499	0.033122
1	0.3	1	1	0.3	0.09	-0.135729	-0.040719	0.018422
1	0.3	1	1	0.35	0.1225	-0.082606	-0.028912	0.006824
1	0.3	1	1	0.4	0.16	-0.023222	-0.009289	0.000539
1	0.3	1	1	0.45	0.2025	0.041836	0.018826	0.00175
1	0.3	1	1	0.5	0.25	0.112007	0.056003	0.012546
1	0.3	1	1	0.55	0.3025	0.186763	0.10272	0.03488
1	0.3	1	1	0.6	0.36	0.26562	0.159372	0.070554
1	0.3	1	1	0.65	0.4225	0.348138	0.22629	0.1212
1	0.3	1	1	0.7	0.49	0.433922	0.303746	0.188289
1	0.3	1	1	0.75	0.5625	0.522619	0.391964	0.27313
1	0.3	1	1	0.8	0.64	0.613914	0.491131	0.376891
1	0.3	1	1	0.85	0.7225	0.707531	0.601401	0.5006
1	0.3	1	1	0.9	0.81	0.803224	0.722901	0.645169
1	0.3	1	1	0.95	0.9025	0.900777	0.855738	0.811399
1	0.444444	1	1	-0.99	0.9801	0.980045	-0.970244	0.960488
1	0.444444	1	1	-0.95	0.9025	0.901143	-0.856086	0.812058
1	0.444444	1	1	-0.9	0.81	0.804703	-0.724232	0.647546
1	0.444444	1	1	-0.85	0.7225	0.710891	-0.604257	0.505366
1	0.444444	1	1	-0.8	0.64	0.619938	-0.49595	0.384323
1	0.444444	1	1	-0.75	0.5625	0.532092	-0.399069	0.283122
1	0.444444	1	1	-0.7	0.49	0.447622	-0.313335	0.200365
1	0.444444	1	1	-0.65	0.4225	0.366816	-0.238431	0.134554
1	0.444444	1	1	-0.6	0.36	0.289983	-0.17399	0.08409
1	0.444444	1	1	-0.55	0.3025	0.217446	-0.119595	0.047283
1	0.444444	1	1	-0.5	0.25	0.149545	-0.074773	0.022364
1	0.444444	1	1	-0.45	0.2025	0.086634	-0.038985	0.007505
1	0.444444	1	1	-0.4	0.16	0.029068	-0.011627	0.000845
1	0.444444	1	1	-0.35	0.1225	-0.022792	0.007977	0.000519
1	0.444444	1	1	-0.3	0.09	-0.068597	0.020579	0.004706
1	0.444444	1	1	-0.25	0.0625	-0.108013	0.027003	0.011667
1	0.444444	1	1	-0.2	0.04	-0.140732	0.028146	0.019805
1	0.444444	1	1	-0.15	0.0225	-0.166484	0.024973	0.027717
1	0.444444	1	1	-0.1	0.01	-0.185047	0.018505	0.034242
1	0.444444	1	1	-0.05	0.0025	-0.196253	0.009813	0.038515
1	0.444444	1	1	0	0	-0.2	0	0.04
1	0.444444	1	1	0.05	0.0025	-0.196253	-0.009813	0.038515
1	0.444444	1	1	0.1	0.01	-0.185047	-0.018505	0.034242
1	0.444444	1	1	0.15	0.0225	-0.166484	-0.024973	0.027717
1	0.444444	1	1	0.2	0.04	-0.140732	-0.028146	0.019805
1	0.444444	1	1	0.25	0.0625	-0.108013	-0.027003	0.011667
1	0.444444	1	1	0.3	0.09	-0.068597	-0.020579	0.004706
1	0.444444	1	1	0.35	0.1225	-0.022792	-0.007977	0.000519
1	0.444444	1	1	0.4	0.16	0.029068	0.011627	0.000845
1	0.444444	1	1	0.45	0.2025	0.086634	0.038985	0.007505
1	0.444444	1	1	0.5	0.25	0.149545	0.074773	0.022364
1	0.444444	1	1	0.55	0.3025	0.217446	0.119595	0.047283
1	0.444444	1	1	0.6	0.36	0.289983	0.17399	0.08409
1	0.444444	1	1	0.65	0.4225	0.366816	0.238431	0.134554
1	0.444444	1	1	0.7	0.49	0.447622	0.313335	0.200365
1	0.444444	1	1	0.75	0.5625	0.532092	0.399069	0.283122
1	0.444444	1	1	0.8	0.64	0.619938	0.49595	0.384323
1	0.444444	1	1	0.85	0.7225	0.710891	0.604257	0.505366
1	0.444444	1	1	0.9	0.81	0.804703	0.724232	0.647546
1	0.444444	1	1	0.95	0.9025	0.901143	0.856086	0.812058
1	0.5	1	1	-0.99	0.9801	0.98005	-0.97025	0.960498
1	0.5	1	1	-0.95	0.9025	0.901282	-0.856218	0.812309
1	0.5	1	1	-0.9	0.81	0.80526	-0.724734	0.648443
1	0.5	1	1	-0.85	0.7225	0.712142	-0.605321	0.507147
1	0.5	1	1	-0.8	0.64	0.622154	-0.497723	0.387076
1	0.5	1	1	-0.75	0.5625	0.535534	-0.40165	0.286797
1	0.5	1	1	-0.7	0.49	0.452535	-0.316775	0.204788
1	0.5	1	1	-0.65	0.4225	0.373426	-0.242727	0.139447
1	0.5	1	1	-0.6	0.36	0.298485	-0.179091	0.089093
1	0.5	1	1	-0.55	0.3025	0.228002	-0.125401	0.051985
1	0.5	1	1	-0.5	0.25	0.162278	-0.081139	0.026334
1	0.5	1	1	-0.45	0.2025	0.101612	-0.045726	0.010325
1	0.5	1	1	-0.4	0.16	0.046309	-0.018524	0.002145
1	0.5	1	1	-0.35	0.1225	-0.003335	0.001167	0.000011
1	0.5	1	1	-0.3	0.09	-0.047035	0.014111	0.002212
1	0.5	1	1	-0.25	0.0625	-0.084524	0.021131	0.007144
1	0.5	1	1	-0.2	0.04	-0.115559	0.023112	0.013354
1	0.5	1	1	-0.15	0.0225	-0.13993	0.02099	0.01958
1	0.5	1	1	-0.1	0.01	-0.157466	0.015747	0.024796
1	0.5	1	1	-0.05	0.0025	-0.16804	0.008402	0.028237
1	0.5	1	1	0	0	-0.171573	0	0.029437
1	0.5	1	1	0.05	0.0025	-0.16804	-0.008402	0.028237
1	0.5	1	1	0.1	0.01	-0.157466	-0.015747	0.024796
1	0.5	1	1	0.15	0.0225	-0.13993	-0.02099	0.01958
1	0.5	1	1	0.2	0.04	-0.115559	-0.023112	0.013354
1	0.5	1	1	0.25	0.0625	-0.084524	-0.021131	0.007144
1	0.5	1	1	0.3	0.09	-0.047035	-0.014111	0.002212
1	0.5	1	1	0.35	0.1225	-0.003335	-0.001167	0.000011
1	0.5	1	1	0.4	0.16	0.046309	0.018524	0.002145
1	0.5	1	1	0.45	0.2025	0.101612	0.045726	0.010325
1	0.5	1	1	0.5	0.25	0.162278	0.081139	0.026334
1	0.5	1	1	0.55	0.3025	0.228002	0.125401	0.051985
1	0.5	1	1	0.6	0.36	0.298485	0.179091	0.089093
1	0.5	1	1	0.65	0.4225	0.373426	0.242727	0.139447
1	0.5	1	1	0.7	0.49	0.452535	0.316775	0.204788
1	0.5	1	1	0.75	0.5625	0.535534	0.40165	0.286797
1	0.5	1	1	0.8	0.64	0.622154	0.497723	0.387076
1	0.5	1	1	0.85	0.7225	0.712142	0.605321	0.507147
1	0.5	1	1	0.9	0.81	0.80526	0.724734	0.648443
1	0.5	1	1	0.95	0.9025	0.901282	0.856218	0.812309
1	0.6	1	1	-0.99	0.9801	0.98006	-0.97026	0.960518
1	0.6	1	1	-0.95	0.9025	0.90153	-0.856454	0.812757
1	0.6	1	1	-0.9	0.81	0.806246	-0.725621	0.650033
1	0.6	1	1	-0.85	0.7225	0.71434	-0.607189	0.510281
1	0.6	1	1	-0.8	0.64	0.626013	-0.500811	0.391893
1	0.6	1	1	-0.75	0.5625	0.541476	-0.406107	0.293196
1	0.6	1	1	-0.7	0.49	0.460942	-0.322659	0.212467
1	0.6	1	1	-0.65	0.4225	0.384632	-0.250011	0.147942
1	0.6	1	1	-0.6	0.36	0.312772	-0.187663	0.097826
1	0.6	1	1	-0.55	0.3025	0.245586	-0.135072	0.060312
1	0.6	1	1	-0.5	0.25	0.1833	-0.09165	0.033599
1	0.6	1	1	-0.45	0.2025	0.126136	-0.056761	0.01591
1	0.6	1	1	-0.4	0.16	0.07431	-0.029724	0.005522
1	0.6	1	1	-0.35	0.1225	0.028027	-0.009809	0.000786
1	0.6	1	1	-0.3	0.09	-0.01252	0.003756	0.000157
1	0.6	1	1	-0.25	0.0625	-0.047153	0.011788	0.002223
1	0.6	1	1	-0.2	0.04	-0.075717	0.015143	0.005733
1	0.6	1	1	-0.15	0.0225	-0.098077	0.014712	0.009619
1	0.6	1	1	-0.1	0.01	-0.114128	0.011413	0.013025
1	0.6	1	1	-0.05	0.0025	-0.123791	0.00619	0.015324
1	0.6	1	1	0	0	-0.127017	0	0.016133
1	0.6	1	1	0.05	0.0025	-0.123791	-0.00619	0.015324
1	0.6	1	1	0.1	0.01	-0.114128	-0.011413	0.013025
1	0.6	1	1	0.15	0.0225	-0.098077	-0.014712	0.009619
1	0.6	1	1	0.2	0.04	-0.075717	-0.015143	0.005733
1	0.6	1	1	0.25	0.0625	-0.047153	-0.011788	0.002223
1	0.6	1	1	0.3	0.09	-0.01252	-0.003756	0.000157
1	0.6	1	1	0.35	0.1225	0.028027	0.009809	0.000786
1	0.6	1	1	0.4	0.16	0.07431	0.029724	0.005522
1	0.6	1	1	0.45	0.2025	0.126136	0.056761	0.01591
1	0.6	1	1	0.5	0.25	0.1833	0.09165	0.033599
1	0.6	1	1	0.55	0.3025	0.245586	0.135072	0.060312
1	0.6	1	1	0.6	0.36	0.312772	0.187663	0.097826
1	0.6	1	1	0.65	0.4225	0.384632	0.250011	0.147942
1	0.6	1	1	0.7	0.49	0.460942	0.322659	0.212467
1	0.6	1	1	0.75	0.5625	0.541476	0.406107	0.293196
1	0.6	1	1	0.8	0.64	0.626013	0.500811	0.391893
1	0.6	1	1	0.85	0.7225	0.71434	0.607189	0.510281
1	0.6	1	1	0.9	0.81	0.806246	0.725621	0.650033
1	0.6	1	1	0.95	0.9025	0.90153	0.856454	0.812757
1	0.7	1	1	-0.99	0.9801	0.98007	-0.97027	0.960538
1	0.7	1	1	-0.95	0.9025	0.901776	-0.856688	0.813201
1	0.7	1	1	-0.9	0.81	0.807212	-0.726491	0.651592
1	0.7	1	1	-0.85	0.7225	0.716471	-0.609	0.51333
1	0.7	1	1	-0.8	0.64	0.629717	-0.503773	0.396543
1	0.7	1	1	-0.75	0.5625	0.547117	-0.410338	0.299337
1	0.7	1	1	-0.7	0.49	0.46884	-0.328188	0.219811
1	0.7	1	1	-0.65	0.4225	0.395053	-0.256784	0.156067
1	0.7	1	1	-0.6	0.36	0.325921	-0.195553	0.106225
1	0.7	1	1	-0.55	0.3025	0.261608	-0.143885	0.068439
1	0.7	1	1	-0.5	0.25	0.202272	-0.101136	0.040914
1	0.7	1	1	-0.45	0.2025	0.148066	-0.06663	0.021923
1	0.7	1	1	-0.4	0.16	0.099133	-0.039653	0.009827
1	0.7	1	1	-0.35	0.1225	0.055609	-0.019463	0.003092
1	0.7	1	1	-0.3	0.09	0.01762	-0.005286	0.00031
1	0.7	1	1	-0.25	0.0625	-0.014725	0.003681	0.000217
1	0.7	1	1	-0.2	0.04	-0.041327	0.008265	0.001708
1	0.7	1	1	-0.15	0.0225	-0.062105	0.009316	0.003857
1	0.7	1	1	-0.1	0.01	-0.076994	0.007699	0.005928
1	0.7	1	1	-0.05	0.0025	-0.085946	0.004297	0.007387
1	0.7	1	1	0	0	-0.088933	0	0.007909
1	0.7	1	1	0.05	0.0025	-0.085946	-0.004297	0.007387
1	0.7	1	1	0.1	0.01	-0.076994	-0.007699	0.005928
1	0.7	1	1	0.15	0.0225	-0.062105	-0.009316	0.003857
1	0.7	1	1	0.2	0.04	-0.041327	-0.008265	0.001708
1	0.7	1	1	0.25	0.0625	-0.014725	-0.003681	0.000217
1	0.7	1	1	0.3	0.09	0.01762	0.005286	0.00031
1	0.7	1	1	0.35	0.1225	0.055609	0.019463	0.003092
1	0.7	1	1	0.4	0.16	0.099133	0.039653	0.009827
1	0.7	1	1	0.45	0.2025	0.148066	0.06663	0.021923
1	0.7	1	1	0.5	0.25	0.202272	0.101136	0.040914
1	0.7	1	1	0.55	0.3025	0.261608	0.143885	0.068439
1	0.7	1	1	0.6	0.36	0.325921	0.195553	0.106225
1	0.7	1	1	0.65	0.4225	0.395053	0.256784	0.156067
1	0.7	1	1	0.7	0.49	0.46884	0.328188	0.219811
1	0.7	1	1	0.75	0.5625	0.547117	0.410338	0.299337
1	0.7	1	1	0.8	0.64	0.629717	0.503773	0.396543
1	0.7	1	1	0.85	0.7225	0.716471	0.609	0.51333
1	0.7	1	1	0.9	0.81	0.807212	0.726491	0.651592
1	0.7	1	1	0.95	0.9025	0.901776	0.856688	0.813201
1	0.8	1	1	-0.99	0.9801	0.98008	-0.970279	0.960557
1	0.8	1	1	-0.95	0.9025	0.90202	-0.856919	0.81364
1	0.8	1	1	-0.9	0.81	0.80816	-0.727344	0.653122
1	0.8	1	1	-0.85	0.7225	0.718539	-0.610758	0.516298
1	0.8	1	1	-0.8	0.64	0.633276	-0.506621	0.401038
1	0.8	1	1	-0.75	0.5625	0.552487	-0.414365	0.305241
1	0.8	1	1	-0.7	0.49	0.476286	-0.3334	0.226849
1	0.8	1	1	-0.65	0.4225	0.404786	-0.263111	0.163852
1	0.8	1	1	-0.6	0.36	0.338094	-0.202856	0.114308
1	0.8	1	1	-0.55	0.3025	0.276314	-0.151973	0.076349
1	0.8	1	1	-0.5	0.25	0.219544	-0.109772	0.0482
1	0.8	1	1	-0.45	0.2025	0.167879	-0.075545	0.028183
1	0.8	1	1	-0.4	0.16	0.121403	-0.048561	0.014739
1	0.8	1	1	-0.35	0.1225	0.080198	-0.028069	0.006432
1	0.8	1	1	-0.3	0.09	0.044335	-0.013301	0.001966
1	0.8	1	1	-0.25	0.0625	0.013878	-0.00347	0.000193
1	0.8	1	1	-0.2	0.04	-0.011118	0.002224	0.000124
1	0.8	1	1	-0.15	0.0225	-0.030608	0.004591	0.000937
1	0.8	1	1	-0.1	0.01	-0.044555	0.004455	0.001985
1	0.8	1	1	-0.05	0.0025	-0.052933	0.002647	0.002802
1	0.8	1	1	0	0	-0.055728	0	0.003106
1	0.8	1	1	0.05	0.0025	-0.052933	-0.002647	0.002802
1	0.8	1	1	0.1	0.01	-0.044555	-0.004455	0.001985
1	0.8	1	1	0.15	0.0225	-0.030608	-0.004591	0.000937
1	0.8	1	1	0.2	0.04	-0.011118	-0.002224	0.000124
1	0.8	1	1	0.25	0.0625	0.013878	0.00347	0.000193
1	0.8	1	1	0.3	0.09	0.044335	0.013301	0.001966
1	0.8	1	1	0.35	0.1225	0.080198	0.028069	0.006432
1	0.8	1	1	0.4	0.16	0.121403	0.048561	0.014739
1	0.8	1	1	0.45	0.2025	0.167879	0.075545	0.028183
1	0.8	1	1	0.5	0.25	0.219544	0.109772	0.0482
1	0.8	1	1	0.55	0.3025	0.276314	0.151973	0.076349
1	0.8	1	1	0.6	0.36	0.338094	0.202856	0.114308
1	0.8	1	1	0.65	0.4225	0.404786	0.263111	0.163852
1	0.8	1	1	0.7	0.49	0.476286	0.3334	0.226849
1	0.8	1	1	0.75	0.5625	0.552487	0.414365	0.305241
1	0.8	1	1	0.8	0.64	0.633276	0.506621	0.401038
1	0.8	1	1	0.85	0.7225	0.718539	0.610758	0.516298
1	0.8	1	1	0.9	0.81	0.80816	0.727344	0.653122
1	0.8	1	1	0.95	0.9025	0.90202	0.856919	0.81364
1	0.9	1	1	-0.99	0.9801	0.98009	-0.970289	0.960577
1	0.9	1	1	-0.95	0.9025	0.902261	-0.857148	0.814075
1	0.9	1	1	-0.9	0.81	0.809089	-0.72818	0.654625
1	0.9	1	1	-0.85	0.7225	0.720548	-0.612466	0.519189
1	0.9	1	1	-0.8	0.64	0.6367	-0.50936	0.405387
1	0.9	1	1	-0.75	0.5625	0.557607	-0.418205	0.310926
1	0.9	1	1	-0.7	0.49	0.483326	-0.338328	0.233604
1	0.9	1	1	-0.65	0.4225	0.413913	-0.269043	0.171324
1	0.9	1	1	-0.6	0.36	0.349419	-0.209651	0.122093
1	0.9	1	1	-0.55	0.3025	0.289894	-0.159442	0.084038
1	0.9	1	1	-0.5	0.25	0.235384	-0.117692	0.055406
1	0.9	1	1	-0.45	0.2025	0.185932	-0.08367	0.034571
1	0.9	1	1	-0.4	0.16	0.141578	-0.056631	0.020044
1	0.9	1	1	-0.35	0.1225	0.102356	-0.035825	0.010477
1	0.9	1	1	-0.3	0.09	0.068298	-0.020489	0.004665
1	0.9	1	1	-0.25	0.0625	0.039433	-0.009858	0.001555
1	0.9	1	1	-0.2	0.04	0.015783	-0.003157	0.000249
1	0.9	1	1	-0.15	0.0225	-0.002632	0.000395	0.000007
1	0.9	1	1	-0.1	0.01	-0.015796	0.00158	0.00025
1	0.9	1	1	-0.05	0.0025	-0.023699	0.001185	0.000562
1	0.9	1	1	0	0	-0.026334	0	0.000693
1	0.9	1	1	0.05	0.0025	-0.023699	-0.001185	0.000562
1	0.9	1	1	0.1	0.01	-0.015796	-0.00158	0.00025
1	0.9	1	1	0.15	0.0225	-0.002632	-0.000395	0.000007
1	0.9	1	1	0.2	0.04	0.015783	0.003157	0.000249
1	0.9	1	1	0.25	0.0625	0.039433	0.009858	0.001555
1	0.9	1	1	0.3	0.09	0.068298	0.020489	0.004665
1	0.9	1	1	0.35	0.1225	0.102356	0.035825	0.010477
1	0.9	1	1	0.4	0.16	0.141578	0.056631	0.020044
1	0.9	1	1	0.45	0.2025	0.185932	0.08367	0.034571
1	0.9	1	1	0.5	0.25	0.235384	0.117692	0.055406
1	0.9	1	1	0.55	0.3025	0.289894	0.159442	0.084038
1	0.9	1	1	0.6	0.36	0.349419	0.209651	0.122093
1	0.9	1	1	0.65	0.4225	0.413913	0.269043	0.171324
1	0.9	1	1	0.7	0.49	0.483326	0.338328	0.233604
1	0.9	1	1	0.75	0.5625	0.557607	0.418205	0.310926
1	0.9	1	1	0.8	0.64	0.6367	0.50936	0.405387
1	0.9	1	1	0.85	0.7225	0.720548	0.612466	0.519189
1	0.9	1	1	0.9	0.81	0.809089	0.72818	0.654625
1	0.9	1	1	0.95	0.9025	0.902261	0.857148	0.814075
1	5.263158	1	1	-0.99	0.9801	0.980505	-0.9707	0.96139
1	5.263158	1	1	-0.95	0.9025	0.910951	-0.865404	0.829832
1	5.263158	1	1	-0.9	0.81	0.837978	-0.75418	0.702207
1	5.263158	1	1	-0.85	0.7225	0.775984	-0.659587	0.602152
1	5.263158	1	1	-0.8	0.64	0.722231	-0.577785	0.521618
1	5.263158	1	1	-0.75	0.5625	0.675044	-0.506283	0.455684
1	5.263158	1	1	-0.7	0.49	0.633309	-0.443316	0.40108
1	5.263158	1	1	-0.65	0.4225	0.596244	-0.387559	0.355507
1	5.263158	1	1	-0.6	0.36	0.563276	-0.337966	0.31728
1	5.263158	1	1	-0.55	0.3025	0.533971	-0.293684	0.285125
1	5.263158	1	1	-0.5	0.25	0.507995	-0.253997	0.258059
1	5.263158	1	1	-0.45	0.2025	0.485083	-0.218287	0.235305
1	5.263158	1	1	-0.4	0.16	0.465026	-0.18601	0.216249
1	5.263158	1	1	-0.35	0.1225	0.447656	-0.156679	0.200396
1	5.263158	1	1	-0.3	0.09	0.432837	-0.129851	0.187348
1	5.263158	1	1	-0.25	0.0625	0.420461	-0.105115	0.176788
1	5.263158	1	1	-0.2	0.04	0.410444	-0.082089	0.168464
1	5.263158	1	1	-0.15	0.0225	0.402717	-0.060408	0.162181
1	5.263158	1	1	-0.1	0.01	0.397232	-0.039723	0.157793
1	5.263158	1	1	-0.05	0.0025	0.393955	-0.019698	0.1552
1	5.263158	1	1	0	0	0.392864	0	0.154342
1	5.263158	1	1	0.05	0.0025	0.393955	0.019698	0.1552
1	5.263158	1	1	0.1	0.01	0.397232	0.039723	0.157793
1	5.263158	1	1	0.15	0.0225	0.402717	0.060408	0.162181
1	5.263158	1	1	0.2	0.04	0.410444	0.082089	0.168464
1	5.263158	1	1	0.25	0.0625	0.420461	0.105115	0.176788
1	5.263158	1	1	0.3	0.09	0.432837	0.129851	0.187348
1	5.263158	1	1	0.35	0.1225	0.447656	0.156679	0.200396
1	5.263158	1	1	0.4	0.16	0.465026	0.18601	0.216249
1	5.263158	1	1	0.45	0.2025	0.485083	0.218287	0.235305
1	5.263158	1	1	0.5	0.25	0.507995	0.253997	0.258059
1	5.263158	1	1	0.55	0.3025	0.533971	0.293684	0.285125
1	5.263158	1	1	0.6	0.36	0.563276	0.337966	0.31728
1	5.263158	1	1	0.65	0.4225	0.596244	0.387559	0.355507
1	5.263158	1	1	0.7	0.49	0.633309	0.443316	0.40108
1	5.263158	1	1	0.75	0.5625	0.675044	0.506283	0.455684
1	5.263158	1	1	0.8	0.64	0.722231	0.577785	0.521618
1	5.263158	1	1	0.85	0.7225	0.775984	0.659587	0.602152
1	5.263158	1	1	0.9	0.81	0.837978	0.75418	0.702207
1	5.263158	1	1	0.95	0.9025	0.910951	0.865404	0.829832
1	3.333333	1	1	-0.99	0.9801	0.980326	-0.970523	0.961039
1	3.333333	1	1	-0.95	0.9025	0.907492	-0.862117	0.823542
1	3.333333	1	1	-0.9	0.81	0.827382	-0.744643	0.68456
1	3.333333	1	1	-0.85	0.7225	0.756957	-0.643414	0.572984
1	3.333333	1	1	-0.8	0.64	0.694458	-0.555566	0.482272
1	3.333333	1	1	-0.75	0.5625	0.638663	-0.478997	0.40789
1	3.333333	1	1	-0.7	0.49	0.588687	-0.412081	0.346553
1	3.333333	1	1	-0.65	0.4225	0.543867	-0.353513	0.295791
1	3.333333	1	1	-0.6	0.36	0.503689	-0.302214	0.253703
1	3.333333	1	1	-0.55	0.3025	0.467752	-0.257263	0.218792
1	3.333333	1	1	-0.5	0.25	0.435732	-0.217866	0.189863
1	3.333333	1	1	-0.45	0.2025	0.407372	-0.183317	0.165952
1	3.333333	1	1	-0.4	0.16	0.382459	-0.152983	0.146275
1	3.333333	1	1	-0.35	0.1225	0.360821	-0.126287	0.130192
1	3.333333	1	1	-0.3	0.09	0.342318	-0.102695	0.117182
1	3.333333	1	1	-0.25	0.0625	0.326837	-0.081709	0.106822
1	3.333333	1	1	-0.2	0.04	0.314286	-0.062857	0.098776
1	3.333333	1	1	-0.15	0.0225	0.304594	-0.045689	0.092777
1	3.333333	1	1	-0.1	0.01	0.297708	-0.029771	0.08863
1	3.333333	1	1	-0.05	0.0025	0.293591	-0.01468	0.086196
1	3.333333	1	1	0	0	0.292221	0	0.085393
1	3.333333	1	1	0.05	0.0025	0.293591	0.01468	0.086196
1	3.333333	1	1	0.1	0.01	0.297708	0.029771	0.08863
1	3.333333	1	1	0.15	0.0225	0.304594	0.045689	0.092777
1	3.333333	1	1	0.2	0.04	0.314286	0.062857	0.098776
1	3.333333	1	1	0.25	0.0625	0.326837	0.081709	0.106822
1	3.333333	1	1	0.3	0.09	0.342318	0.102695	0.117182
1	3.333333	1	1	0.35	0.1225	0.360821	0.126287	0.130192
1	3.333333	1	1	0.4	0.16	0.382459	0.152983	0.146275
1	3.333333	1	1	0.45	0.2025	0.407372	0.183317	0.165952
1	3.333333	1	1	0.5	0.25	0.435732	0.217866	0.189863
1	3.333333	1	1	0.55	0.3025	0.467752	0.257263	0.218792
1	3.333333	1	1	0.6	0.36	0.503689	0.302214	0.253703
1	3.333333	1	1	0.65	0.4225	0.543867	0.353513	0.295791
1	3.333333	1	1	0.7	0.49	0.588687	0.412081	0.346553
1	3.333333	1	1	0.75	0.5625	0.638663	0.478997	0.40789
1	3.333333	1	1	0.8	0.64	0.694458	0.555566	0.482272
1	3.333333	1	1	0.85	0.7225	0.756957	0.643414	0.572984
1	3.333333	1	1	0.9	0.81	0.827382	0.744643	0.68456
1	3.333333	1	1	0.95	0.9025	0.907492	0.862117	0.823542
1	2.25	1	1	-0.99	0.9801	0.980222	-0.97042	0.960836
1	2.25	1	1	-0.95	0.9025	0.905302	-0.860037	0.819572
1	2.25	1	1	-0.9	0.81	0.820112	-0.738101	0.672584
1	2.25	1	1	-0.85	0.7225	0.743121	-0.631653	0.552229
1	2.25	1	1	-0.8	0.64	0.673345	-0.538676	0.453393
1	2.25	1	1	-0.75	0.5625	0.610025	-0.457519	0.372131
1	2.25	1	1	-0.7	0.49	0.552563	-0.386794	0.305325
1	2.25	1	1	-0.65	0.4225	0.500476	-0.32531	0.250476
1	2.25	1	1	-0.6	0.36	0.453375	-0.272025	0.205549
1	2.25	1	1	-0.55	0.3025	0.410936	-0.226015	0.168869
1	2.25	1	1	-0.5	0.25	0.372894	-0.186447	0.13905
1	2.25	1	1	-0.45	0.2025	0.339027	-0.152562	0.114939
1	2.25	1	1	-0.4	0.16	0.309149	-0.123659	0.095573
1	2.25	1	1	-0.35	0.1225	0.283106	-0.099087	0.080149
1	2.25	1	1	-0.3	0.09	0.260769	-0.078231	0.068001
1	2.25	1	1	-0.25	0.0625	0.242035	-0.060509	0.058581
1	2.25	1	1	-0.2	0.04	0.226816	-0.045363	0.051446
1	2.25	1	1	-0.15	0.0225	0.215047	-0.032257	0.046245
1	2.25	1	1	-0.1	0.01	0.206676	-0.020668	0.042715
1	2.25	1	1	-0.05	0.0025	0.201667	-0.010083	0.04067
1	2.25	1	1	0	0	0.2	0	0.04
1	2.25	1	1	0.05	0.0025	0.201667	0.010083	0.04067
1	2.25	1	1	0.1	0.01	0.206676	0.020668	0.042715
1	2.25	1	1	0.15	0.0225	0.215047	0.032257	0.046245
1	2.25	1	1	0.2	0.04	0.226816	0.045363	0.051446
1	2.25	1	1	0.25	0.0625	0.242035	0.060509	0.058581
1	2.25	1	1	0.3	0.09	0.260769	0.078231	0.068001
1	2.25	1	1	0.35	0.1225	0.283106	0.099087	0.080149
1	2.25	1	1	0.4	0.16	0.309149	0.123659	0.095573
1	2.25	1	1	0.45	0.2025	0.339027	0.152562	0.114939
1	2.25	1	1	0.5	0.25	0.372894	0.186447	0.13905
1	2.25	1	1	0.55	0.3025	0.410936	0.226015	0.168869
1	2.25	1	1	0.6	0.36	0.453375	0.272025	0.205549
1	2.25	1	1	0.65	0.4225	0.500476	0.32531	0.250476
1	2.25	1	1	0.7	0.49	0.552563	0.386794	0.305325
1	2.25	1	1	0.75	0.5625	0.610025	0.457519	0.372131
1	2.25	1	1	0.8	0.64	0.673345	0.538676	0.453393
1	2.25	1	1	0.85	0.7225	0.743121	0.631653	0.552229
1	2.25	1	1	0.9	0.81	0.820112	0.738101	0.672584
1	2.25	1	1	0.95	0.9025	0.905302	0.860037	0.819572
1	2	1	1	-0.99	0.9801	0.980198	-0.970396	0.960788
1	2	1	1	-0.95	0.9025	0.904767	-0.859529	0.818604
1	2	1	1	-0.9	0.81	0.818258	-0.736432	0.669545
1	2	1	1	-0.85	0.7225	0.739469	-0.628549	0.546815
1	2	1	1	-0.8	0.64	0.667619	-0.534095	0.445715
1	2	1	1	-0.75	0.5625	0.602084	-0.451563	0.362505
1	2	1	1	-0.7	0.49	0.542359	-0.379651	0.294153
1	2	1	1	-0.65	0.4225	0.488029	-0.317219	0.238172
1	2	1	1	-0.6	0.36	0.43875	-0.26325	0.192502
1	2	1	1	-0.55	0.3025	0.394237	-0.21683	0.155423
1	2	1	1	-0.5	0.25	0.354249	-0.177124	0.125492
1	2	1	1	-0.45	0.2025	0.318582	-0.143362	0.101495
1	2	1	1	-0.4	0.16	0.287068	-0.114827	0.082408
1	2	1	1	-0.35	0.1225	0.259562	-0.090847	0.067372
1	2	1	1	-0.3	0.09	0.235945	-0.070784	0.05567
1	2	1	1	-0.25	0.0625	0.216118	-0.054029	0.046707
1	2	1	1	-0.2	0.04	0.2	-0.04	0.04
1	2	1	1	-0.15	0.0225	0.187528	-0.028129	0.035167
1	2	1	1	-0.1	0.01	0.178653	-0.017865	0.031917
1	2	1	1	-0.05	0.0025	0.173341	-0.008667	0.030047
1	2	1	1	0	0	0.171573	0	0.029437
1	2	1	1	0.05	0.0025	0.173341	0.008667	0.030047
1	2	1	1	0.1	0.01	0.178653	0.017865	0.031917
1	2	1	1	0.15	0.0225	0.187528	0.028129	0.035167
1	2	1	1	0.2	0.04	0.2	0.04	0.04
1	2	1	1	0.25	0.0625	0.216118	0.054029	0.046707
1	2	1	1	0.3	0.09	0.235945	0.070784	0.05567
1	2	1	1	0.35	0.1225	0.259562	0.090847	0.067372
1	2	1	1	0.4	0.16	0.287068	0.114827	0.082408
1	2	1	1	0.45	0.2025	0.318582	0.143362	0.101495
1	2	1	1	0.5	0.25	0.354249	0.177124	0.125492
1	2	1	1	0.55	0.3025	0.394237	0.21683	0.155423
1	2	1	1	0.6	0.36	0.43875	0.26325	0.192502
1	2	1	1	0.65	0.4225	0.488029	0.317219	0.238172
1	2	1	1	0.7	0.49	0.542359	0.379651	0.294153
1	2	1	1	0.75	0.5625	0.602084	0.451563	0.362505
1	2	1	1	0.8	0.64	0.667619	0.534095	0.445715
1	2	1	1	0.85	0.7225	0.739469	0.628549	0.546815
1	2	1	1	0.9	0.81	0.818258	0.736432	0.669545
1	2	1	1	0.95	0.9025	0.904767	0.859529	0.818604
1	1.666667	1	1	-0.99	0.9801	0.980166	-0.970364	0.960725
1	1.666667	1	1	-0.95	0.9025	0.904035	-0.858833	0.817279
1	1.666667	1	1	-0.9	0.81	0.815663	-0.734097	0.665307
1	1.666667	1	1	-0.85	0.7225	0.734269	-0.624129	0.539151
1	1.666667	1	1	-0.8	0.64	0.659341	-0.527473	0.434731
1	1.666667	1	1	-0.75	0.5625	0.590455	-0.442841	0.348637
1	1.666667	1	1	-0.7	0.49	0.527249	-0.369074	0.277991
1	1.666667	1	1	-0.65	0.4225	0.469419	-0.305123	0.220354
1	1.666667	1	1	-0.6	0.36	0.416705	-0.250023	0.173643
1	1.666667	1	1	-0.55	0.3025	0.368884	-0.202886	0.136076
1	1.666667	1	1	-0.5	0.25	0.325765	-0.162883	0.106123
1	1.666667	1	1	-0.45	0.2025	0.287184	-0.129233	0.082475
1	1.666667	1	1	-0.4	0.16	0.253001	-0.1012	0.06401
1	1.666667	1	1	-0.35	0.1225	0.223097	-0.078084	0.049772
1	1.666667	1	1	-0.3	0.09	0.197369	-0.059211	0.038955
1	1.666667	1	1	-0.25	0.0625	0.175735	-0.043934	0.030883
1	1.666667	1	1	-0.2	0.04	0.158125	-0.031625	0.025004
1	1.666667	1	1	-0.15	0.0225	0.144484	-0.021673	0.020876
1	1.666667	1	1	-0.1	0.01	0.13477	-0.013477	0.018163
1	1.666667	1	1	-0.05	0.0025	0.128954	-0.006448	0.016629
1	1.666667	1	1	0	0	0.127017	0	0.016133
1	1.666667	1	1	0.05	0.0025	0.128954	0.006448	0.016629
1	1.666667	1	1	0.1	0.01	0.13477	0.013477	0.018163
1	1.666667	1	1	0.15	0.0225	0.144484	0.021673	0.020876
1	1.666667	1	1	0.2	0.04	0.158125	0.031625	0.025004
1	1.666667	1	1	0.25	0.0625	0.175735	0.043934	0.030883
1	1.666667	1	1	0.3	0.09	0.197369	0.059211	0.038955
1	1.666667	1	1	0.35	0.1225	0.223097	0.078084	0.049772
1	1.666667	1	1	0.4	0.16	0.253001	0.1012	0.06401
1	1.666667	1	1	0.45	0.2025	0.287184	0.129233	0.082475
1	1.666667	1	1	0.5	0.25	0.325765	0.162883	0.106123
1	1.666667	1	1	0.55	0.3025	0.368884	0.202886	0.136076
1	1.666667	1	1	0.6	0.36	0.416705	0.250023	0.173643
1	1.666667	1	1	0.65	0.4225	0.469419	0.305123	0.220354
1	1.666667	1	1	0.7	0.49	0.527249	0.369074	0.277991
1	1.666667	1	1	0.75	0.5625	0.590455	0.442841	0.348637
1	1.666667	1	1	0.8	0.64	0.659341	0.527473	0.434731
1	1.666667	1	1	0.85	0.7225	0.734269	0.624129	0.539151
1	1.666667	1	1	0.9	0.81	0.815663	0.734097	0.665307
1	1.666667	1	1	0.95	0.9025	0.904035	0.858833	0.817279
1	1.428571	1	1	-0.99	0.9801	0.980142	-0.970341	0.960679
1	1.428571	1	1	-0.95	0.9025	0.903498	-0.858323	0.816308
1	1.428571	1	1	-0.9	0.81	0.813718	-0.732346	0.662137
1	1.428571	1	1	-0.85	0.7225	0.730294	-0.62075	0.533329
1	1.428571	1	1	-0.8	0.64	0.652908	-0.522326	0.426289
1	1.428571	1	1	-0.75	0.5625	0.581285	-0.435963	0.337892
1	1.428571	1	1	-0.7	0.49	0.515184	-0.360629	0.265414
1	1.428571	1	1	-0.65	0.4225	0.454395	-0.295357	0.206475
1	1.428571	1	1	-0.6	0.36	0.398734	-0.239241	0.158989
1	1.428571	1	1	-0.55	0.3025	0.348041	-0.191423	0.121133
1	1.428571	1	1	-0.5	0.25	0.302174	-0.151087	0.091309
1	1.428571	1	1	-0.45	0.2025	0.261011	-0.117455	0.068127
1	1.428571	1	1	-0.4	0.16	0.224445	-0.089778	0.050376
1	1.428571	1	1	-0.35	0.1225	0.192383	-0.067334	0.037011
1	1.428571	1	1	-0.3	0.09	0.164748	-0.049424	0.027142
1	1.428571	1	1	-0.25	0.0625	0.141472	-0.035368	0.020014
1	1.428571	1	1	-0.2	0.04	0.122501	-0.0245	0.015006
1	1.428571	1	1	-0.15	0.0225	0.10779	-0.016168	0.011619
1	1.428571	1	1	-0.1	0.01	0.097306	-0.009731	0.009468
1	1.428571	1	1	-0.05	0.0025	0.091025	-0.004551	0.008286
1	1.428571	1	1	0	0	0.088933	0	0.007909
1	1.428571	1	1	0.05	0.0025	0.091025	0.004551	0.008286
1	1.428571	1	1	0.1	0.01	0.097306	0.009731	0.009468
1	1.428571	1	1	0.15	0.0225	0.10779	0.016168	0.011619
1	1.428571	1	1	0.2	0.04	0.122501	0.0245	0.015006
1	1.428571	1	1	0.25	0.0625	0.141472	0.035368	0.020014
1	1.428571	1	1	0.3	0.09	0.164748	0.049424	0.027142
1	1.428571	1	1	0.35	0.1225	0.192383	0.067334	0.037011
1	1.428571	1	1	0.4	0.16	0.224445	0.089778	0.050376
1	1.428571	1	1	0.45	0.2025	0.261011	0.117455	0.068127
1	1.428571	1	1	0.5	0.25	0.302174	0.151087	0.091309
1	1.428571	1	1	0.55	0.3025	0.348041	0.191423	0.121133
1	1.428571	1	1	0.6	0.36	0.398734	0.239241	0.158989
1	1.428571	1	1	0.65	0.4225	0.454395	0.295357	0.206475
1	1.428571	1	1	0.7	0.49	0.515184	0.360629	0.265414
1	1.428571	1	1	0.75	0.5625	0.581285	0.435963	0.337892
1	1.428571	1	1	0.8	0.64	0.652908	0.522326	0.426289
1	1.428571	1	1	0.85	0.7225	0.730294	0.62075	0.533329
1	1.428571	1	1	0.9	0.81	0.813718	0.732346	0.662137
1	1.428571	1	1	0.95	0.9025	0.903498	0.858323	0.816308
1	1.25	1	1	-0.99	0.9801	0.980125	-0.970323	0.960644
1	1.25	1	1	-0.95	0.9025	0.903087	-0.857933	0.815566
1	1.25	1	1	-0.9	0.81	0.812204	-0.730984	0.659676
1	1.25	1	1	-0.85	0.7225	0.727153	-0.61808	0.528751
1	1.25	1	1	-0.8	0.64	0.647755	-0.518204	0.419586
1	1.25	1	1	-0.75	0.5625	0.57385	-0.430388	0.329304
1	1.25	1	1	-0.7	0.49	0.505296	-0.353707	0.255324
1	1.25	1	1	-0.65	0.4225	0.441963	-0.287276	0.195331
1	1.25	1	1	-0.6	0.36	0.383736	-0.230242	0.147254
1	1.25	1	1	-0.55	0.3025	0.330513	-0.181782	0.109239
1	1.25	1	1	-0.5	0.25	0.282202	-0.141101	0.079638
1	1.25	1	1	-0.45	0.2025	0.238722	-0.107425	0.056988
1	1.25	1	1	-0.4	0.16	0.2	-0.08	0.04
1	1.25	1	1	-0.35	0.1225	0.165975	-0.058091	0.027548
1	1.25	1	1	-0.3	0.09	0.136592	-0.040978	0.018657
1	1.25	1	1	-0.25	0.0625	0.111806	-0.027951	0.0125
1	1.25	1	1	-0.2	0.04	0.091577	-0.018315	0.008386
1	1.25	1	1	-0.15	0.0225	0.075875	-0.011381	0.005757
1	1.25	1	1	-0.1	0.01	0.064677	-0.006468	0.004183
1	1.25	1	1	-0.05	0.0025	0.057964	-0.002898	0.00336
1	1.25	1	1	0	0	0.055728	0	0.003106
1	1.25	1	1	0.05	0.0025	0.057964	0.002898	0.00336
1	1.25	1	1	0.1	0.01	0.064677	0.006468	0.004183
1	1.25	1	1	0.15	0.0225	0.075875	0.011381	0.005757
1	1.25	1	1	0.2	0.04	0.091577	0.018315	0.008386
1	1.25	1	1	0.25	0.0625	0.111806	0.027951	0.0125
1	1.25	1	1	0.3	0.09	0.136592	0.040978	0.018657
1	1.25	1	1	0.35	0.1225	0.165975	0.058091	0.027548
1	1.25	1	1	0.4	0.16	0.2	0.08	0.04
1	1.25	1	1	0.45	0.2025	0.238722	0.107425	0.056988
1	1.25	1	1	0.5	0.25	0.282202	0.141101	0.079638
1	1.25	1	1	0.55	0.3025	0.330513	0.181782	0.109239
1	1.25	1	1	0.6	0.36	0.383736	0.230242	0.147254
1	1.25	1	1	0.65	0.4225	0.441963	0.287276	0.195331
1	1.25	1	1	0.7	0.49	0.505296	0.353707	0.255324
1	1.25	1	1	0.75	0.5625	0.57385	0.430388	0.329304
1	1.25	1	1	0.8	0.64	0.647755	0.518204	0.419586
1	1.25	1	1	0.85	0.7225	0.727153	0.61808	0.528751
1	1.25	1	1	0.9	0.81	0.812204	0.730984	0.659676
1	1.25	1	1	0.95	0.9025	0.903087	0.857933	0.815566
1	1.111111	1	1	-0.99	0.9801	0.980111	-0.97031	0.960618
1	1.111111	1	1	-0.95	0.9025	0.902763	-0.857625	0.81498
1	1.111111	1	1	-0.9	0.81	0.810992	-0.729893	0.657709
1	1.111111	1	1	-0.85	0.7225	0.724607	-0.615916	0.525055
1	1.111111	1	1	-0.8	0.64	0.64353	-0.514824	0.414131
1	1.111111	1	1	-0.75	0.5625	0.567691	-0.425769	0.322274
1	1.111111	1	1	-0.7	0.49	0.497027	-0.347919	0.247036
1	1.111111	1	1	-0.65	0.4225	0.431478	-0.280461	0.186173
1	1.111111	1	1	-0.6	0.36	0.37099	-0.222594	0.137634
1	1.111111	1	1	-0.55	0.3025	0.315514	-0.173533	0.099549
1	1.111111	1	1	-0.5	0.25	0.265006	-0.132503	0.070228
1	1.111111	1	1	-0.45	0.2025	0.219425	-0.098741	0.048147
1	1.111111	1	1	-0.4	0.16	0.178735	-0.071494	0.031946
1	1.111111	1	1	-0.35	0.1225	0.142906	-0.050017	0.020422
1	1.111111	1	1	-0.3	0.09	0.111909	-0.033573	0.012524
1	1.111111	1	1	-0.25	0.0625	0.08572	-0.02143	0.007348
1	1.111111	1	1	-0.2	0.04	0.064319	-0.012864	0.004137
1	1.111111	1	1	-0.15	0.0225	0.047691	-0.007154	0.002274
1	1.111111	1	1	-0.1	0.01	0.035823	-0.003582	0.001283
1	1.111111	1	1	-0.05	0.0025	0.028706	-0.001435	0.000824
1	1.111111	1	1	0	0	0.026334	0	0.000693
1	1.111111	1	1	0.05	0.0025	0.028706	0.001435	0.000824
1	1.111111	1	1	0.1	0.01	0.035823	0.003582	0.001283
1	1.111111	1	1	0.15	0.0225	0.047691	0.007154	0.002274
1	1.111111	1	1	0.2	0.04	0.064319	0.012864	0.004137
1	1.111111	1	1	0.25	0.0625	0.08572	0.02143	0.007348
1	1.111111	1	1	0.3	0.09	0.111909	0.033573	0.012524
1	1.111111	1	1	0.35	0.1225	0.142906	0.050017	0.020422
1	1.111111	1	1	0.4	0.16	0.178735	0.071494	0.031946
1	1.111111	1	1	0.45	0.2025	0.219425	0.098741	0.048147
1	1.111111	1	1	0.5	0.25	0.265006	0.132503	0.070228
1	1.111111	1	1	0.55	0.3025	0.315514	0.173533	0.099549
1	1.111111	1	1	0.6	0.36	0.37099	0.222594	0.137634
1	1.111111	1	1	0.65	0.4225	0.431478	0.280461	0.186173
1	1.111111	1	1	0.7	0.49	0.497027	0.347919	0.247036
1	1.111111	1	1	0.75	0.5625	0.567691	0.425769	0.322274
1	1.111111	1	1	0.8	0.64	0.64353	0.514824	0.414131
1	1.111111	1	1	0.85	0.7225	0.724607	0.615916	0.525055
1	1.111111	1	1	0.9	0.81	0.810992	0.729893	0.657709
1	1.111111	1	1	0.95	0.9025	0.902763	0.857625	0.81498